station id, station name, valid,povp. T [°C],povp. min T [°C],abs. min T [°C],datum abs. min T,max višina snega [cm],datum max višine snega,št. mrzlih dni,št. ledenih dni,št. hladnih dni,št. dni s snegom >0.1 mm,št. dni s snežno odejo
_1899,Rateče,1948,,,,,,,,,,,
_1899,Rateče,1949,6.5,0.8,-18.8,,47,,34,16,158,21,138
_1899,Rateče,1950,6.6,1.4,-19.7,,150,,22,28,163,51,150
_1899,Rateče,1951,6.5,1.7,-15.2,,220,,12,7,166,58,157
_1899,Rateče,1952,5.9,0.2,-19.9,,240,,47,40,170,36,139
_1899,Rateče,1953,6.4,1,-20.6,,105,,41,33,164,22,100
_1899,Rateče,1954,5.5,0.8,-23.8,,61,,44,36,150,32,100
_1899,Rateče,1955,5.8,1.1,-15.2,,100,,20,23,164,45,103
_1899,Rateče,1956,4.9,0.2,-24.5,,49,,37,54,165,40,128
_1899,Rateče,1957,6.3,1.5,-17.6,,56,,18,18,152,21,91
_1899,Rateče,1958,6.2,1.2,-21.6,,128,,40,21,148,26,119
_1899,Rateče,1959,6.6,1.6,-16.8,,90,,20,22,142,19,58
_1899,Rateče,1960,6.1,1.7,-20.5,,122,,27,35,138,26,128
_1899,Rateče,1961,6.7,1.4,-21.2,,82,,32,31,136,22,111
_1899,Rateče,1962,4.9,-0.1,-19,,95,,49,43,171,44,155
_1899,Rateče,1963,5.5,0.4,-23.2,,125,,53,56,145,42,119
_1899,Rateče,1964,5.8,0.7,-19.7,,96,,41,41,160,30,107
_1899,Rateče,1965,4.9,-0.5,-19.8,,178,,58,39,179,52,161
_1899,Rateče,1966,6.3,1.3,-20.2,,68,,37,33,146,46,133
_1899,Rateče,1967,6.1,0.9,-20.4,,110,,37,35,157,35,125
_1899,Rateče,1968,5.6,0.5,-24.8,,101,,42,43,158,49,140
_1899,Rateče,1969,5.4,0.1,-23,,181,,47,57,173,66,159
_1899,Rateče,1970,5.2,0.1,-22,,167,,41,40,179,64,161
_1899,Rateče,1971,5.7,0.3,-22,,107,,38,36,160,50,141
_1899,Rateče,1972,5.4,0.5,-15.2,,100,,33,45,167,41,136
_1899,Rateče,1973,5.5,0.2,-18.8,,130,,44,27,181,33,126
_1899,Rateče,1974,6.1,1.3,-12.2,,85,,3,6,167,31,117
_1899,Rateče,1975,6.1,1.4,-17.6,,135,,22,15,164,42,98
_1899,Rateče,1976,5.7,0.4,-19.8,,112,,30,35,163,37,139
_1899,Rateče,1977,6,1.1,-17.7,,104,,27,27,159,48,146
_1899,Rateče,1978,4.6,-0.2,-21.2,,190,,34,40,176,54,155
_1899,Rateče,1979,5.5,0.8,-22.7,,102,,32,31,165,57,163
_1899,Rateče,1980,4.8,0.3,-20.1,,106,,37,48,175,53,171
_1899,Rateče,1981,5.5,0.4,-21.8,,118,,55,34,155,40,124
_1899,Rateče,1982,6.1,1.3,-19.3,,92,,33,26,160,45,137
_1899,Rateče,1983,6.2,0.9,-20.2,,82,,37,25,169,26,100
_1899,Rateče,1984,5.3,0.4,-20.4,,173,,34,36,176,51,152
_1899,Rateče,1985,5.5,0.3,-26.4,,90,,44,43,174,57,159
_1899,Rateče,1986,5.6,0.5,-22,,113,,42,45,164,49,146
_1899,Rateče,1987,5.7,1,-24.3,,114,,54,41,153,36,150
_1899,Rateče,1988,6.3,1.3,-19.2,,75,,31,13,160,33,130
_1899,Rateče,1989,6.5,1.5,-14.2,,17,,18,13,146,11,43
_1899,Rateče,1990,6.5,1.4,-14.4,,71,,26,27,158,34,65
_1899,Rateče,1991,5.5,0.7,-20.4,,110,,48,45,163,40,147
_1899,Rateče,1992,7,1.9,-15.6,,42,,19,21,152,27,124
_1899,Rateče,1993,6.4,1.6,-18.2,,73,,23,28,145,29,114
_1899,Rateče,1994,7.6,2.7,-17.6,,75,,16,17,130,30,97
_1899,Rateče,1995,6.4,1.5,-15.5,,71,,24,28,159,44,131
_1899,Rateče,1996,5.9,1.2,-20.8,,98,,37,37,148,43,142
_1899,Rateče,1997,6.7,1.6,-13.1,,58,,18,22,169,32,111
_1899,Rateče,1998,6.8,1.5,-16.7,,26,,29,28,161,22,118
_1899,Rateče,1999,6.7,1.7,-20.3,,119,,40,26,142,35,133
_1899,Rateče,2000,7.6,2.4,-20.4,,40,,32,18,117,12,95
_1899,Rateče,2001,7,1.7,-18.1,,38,,31,33,132,29,87
_1899,Rateče,2002,7.6,2.8,-17.5,,14,,15,21,134,22,68
_1899,Rateče,2003,7,1.3,-21,,45,,39,22,162,36,113
_1899,Rateče,2004,6.3,1.4,-20.1,,125,,30,29,147,42,158
_1899,Rateče,2005,5.8,0.7,-24.3,,107,,53,50,156,39,129
_1899,Rateče,2006,6.9,1.4,-20.4,,124,,38,28,149,42,122
_1899,Rateče,2007,7.5,2.2,-14,,82,,10,7,150,27,106
_1899,Rateče,2008,7.2,2.5,-16.7,,128,,21,16,141,43,111
_1899,Rateče,2009,7.1,2,-21.2,,163,,27,31,137,41,139
_1899,Rateče,2010,6.5,1.7,-19,,79,,34,54,138,49,142
_1899,Rateče,2011,7.6,1.9,-16.3,,27,,23,21,143,20,102
_1899,Rateče,2012,7.3,2.1,-17.4,,28,,36,32,139,33,101
_1899,Rateče,2013,7.1,2.4,-16.8,,115,,13,23,136,45,141
_1899,Rateče,2014,8,3.6,-14.2,,120,,3,14,124,39,103
_1899,Rateče,2015,7.9,2.6,-13.6,,40,,7,11,149,21,88
_1899,Rateče,2016,7.5,2.6,-13.2,,68,,11,8,140,36,76
_1899,Rateče,2017,7.2,1.9,-19,,37,,35,28,138,33,100
_1899,Rateče,2018,7.9,3.1,-21.1,,85,,13,26,129,38,107
_1899,Rateče,2019,8,3,-14.9,,46,,13,13,130,36,83
_1899,Rateče,2020,7.5,2.4,-12.7,,95,,2,10,155,29,55
_1899,Rateče,2021,6.6,1.3,-17.8,,135,,34,28,171,28,128
_1899,Rateče,2022,7.9,2.5,-17.7,,75,,19,13,154,26,129
_1899,Rateče,2023,8,3.2,-16.3,,87,,10,12,148,27,112
_1899,Rateče,2024,8.3,3.6,-15.7,,36,,10,6,132,24,99
_1899,Rateče,2025,8.2,3.2,-13.5,,18,,10,10,136,18,63